INTITAL: Springs: .????#?.????.????#?.????.????#?.????.????#?.????.????#?.???, Other: 1, 3, 3, 1, 3, 3, 1, 3, 3, 1, 3, 3, 1, 3, 3, 
Total for 1: 3888
INTITAL: Springs: ?#??#?##??.?????#??#?##??.?????#??#?##??.?????#??#?##??.?????#??#?##??.???, Other: 7, 1, 1, 7, 1, 1, 7, 1, 1, 7, 1, 1, 7, 1, 1, 
Total for 2: 28869
INTITAL: Springs: .???.??.???.???.??.???.???.??.???.???.??.???.???.??.??, Other: 1, 1, 1, 1, 1, 1, 1, 1, 1, 1, 1, 1, 1, 1, 1, 
Total for 3: 173257860
INTITAL: Springs: ##?.#????.?????##?.#????.?????##?.#????.?????##?.#????.?????##?.#????.????, Other: 2, 2, 1, 1, 2, 2, 1, 1, 2, 2, 1, 1, 2, 2, 1, 1, 2, 2, 1, 1, 
Total for 4: 341595
INTITAL: Springs: ??.#???..???.#????.#???..???.#????.#???..???.#????.#???..???.#????.#???..???.#?, Other: 1, 2, 1, 1, 1, 1, 2, 1, 1, 1, 1, 2, 1, 1, 1, 1, 2, 1, 1, 1, 1, 2, 1, 1, 1, 
Total for 5: 5528369
INTITAL: Springs: ????.??.???#??#????????.??.???#??#????????.??.???#??#????????.??.???#??#????????.??.???#??#???, Other: 1, 1, 1, 1, 2, 2, 1, 1, 1, 1, 2, 2, 1, 1, 1, 1, 2, 2, 1, 1, 1, 1, 2, 2, 1, 1, 1, 1, 2, 2, 
Total for 6: 63228786592
INTITAL: Springs: ?#?#.??.??.??#?#.??.??.??#?#.??.??.??#?#.??.??.??#?#.??.??., Other: 4, 2, 4, 2, 4, 2, 4, 2, 4, 2, 
Total for 7: 32
INTITAL: Springs: ????##?##???????????##?##???????????##?##???????????##?##???????????##?##??????, Other: 1, 6, 1, 2, 1, 6, 1, 2, 1, 6, 1, 2, 1, 6, 1, 2, 1, 6, 1, 2, 
Total for 8: 1126800
INTITAL: Springs: ??.????..??????##?????.????..??????##?????.????..??????##?????.????..??????##?????.????..??????##??, Other: 1, 3, 6, 1, 3, 6, 1, 3, 6, 1, 3, 6, 1, 3, 6, 
Total for 9: 44004468
INTITAL: Springs: #????#?.?##?##??#????#?.?##?##??#????#?.?##?##??#????#?.?##?##??#????#?.?##?##?, Other: 1, 3, 6, 1, 3, 6, 1, 3, 6, 1, 3, 6, 1, 3, 6, 
Total for 10: 1024
INTITAL: Springs: ?.???.????????.???.????????.???.????????.???.????????.???.??????, Other: 1, 1, 1, 1, 1, 1, 1, 1, 1, 1, 1, 1, 1, 1, 1, 1, 1, 1, 1, 1, 
Total for 11: 84034666121
INTITAL: Springs: .??.?#???####?#.#??.??.?#???####?#.#??.??.?#???####?#.#??.??.?#???####?#.#??.??.?#???####?#.#?, Other: 1, 1, 8, 2, 1, 1, 8, 2, 1, 1, 8, 2, 1, 1, 8, 2, 1, 1, 8, 2, 
Total for 12: 32
INTITAL: Springs: ##??#???###?#????##??#???###?#????##??#???###?#????##??#???###?#????##??#???###?#???, Other: 2, 1, 7, 1, 2, 1, 7, 1, 2, 1, 7, 1, 2, 1, 7, 1, 2, 1, 7, 1, 
Total for 13: 243
INTITAL: Springs: #..?????????##??#..?????????##??#..?????????##??#..?????????##??#..?????????##?, Other: 1, 2, 2, 2, 1, 2, 2, 2, 1, 2, 2, 2, 1, 2, 2, 2, 1, 2, 2, 2, 
Total for 14: 690388
INTITAL: Springs: ?????#???#???#????.???????#???#???#????.???????#???#???#????.???????#???#???#????.???????#???#???#????.?, Other: 1, 2, 3, 1, 3, 1, 1, 2, 3, 1, 3, 1, 1, 2, 3, 1, 3, 1, 1, 2, 3, 1, 3, 1, 1, 2, 3, 1, 3, 1, 
Total for 15: 2284105050
INTITAL: Springs: ?#??##???????#????#??##???????#????#??##???????#????#??##???????#????#??##???????#??, Other: 7, 6, 7, 6, 7, 6, 7, 6, 7, 6, 
Total for 16: 17538
INTITAL: Springs: .???????.???.???????.???.???????.???.???????.???.???????.??, Other: 2, 1, 1, 2, 1, 1, 2, 1, 1, 2, 1, 1, 2, 1, 1, 
Total for 17: 519212864
INTITAL: Springs: ?#??????.?#????#??????.?#????#??????.?#????#??????.?#????#??????.?#??, Other: 7, 4, 7, 4, 7, 4, 7, 4, 7, 4, 
Total for 18: 162
INTITAL: Springs: .##?????#?.??????.##?????#?.??????.##?????#?.??????.##?????#?.??????.##?????#?.?????, Other: 9, 1, 9, 1, 9, 1, 9, 1, 9, 1, 
Total for 19: 6480
INTITAL: Springs: .#?.?????.?#?.#?.?????.?#?.#?.?????.?#?.#?.?????.?#?.#?.?????.?#, Other: 1, 1, 2, 1, 1, 1, 2, 1, 1, 1, 2, 1, 1, 1, 2, 1, 1, 1, 2, 1, 
Total for 20: 243
INTITAL: Springs: ??#??#???.#.???#??#???.#.???#??#???.#.???#??#???.#.???#??#???.#., Other: 5, 1, 5, 1, 5, 1, 5, 1, 5, 1, 
Total for 21: 32
INTITAL: Springs: ??????.##?###?#???????.##?###?#???????.##?###?#???????.##?###?#???????.##?###?#, Other: 1, 2, 6, 1, 1, 2, 6, 1, 1, 2, 6, 1, 1, 2, 6, 1, 1, 2, 6, 1, 
Total for 22: 7776
INTITAL: Springs: ????##?#????#???????????##?#????#???????????##?#????#???????????##?#????#???????????##?#????#??????, Other: 8, 7, 1, 8, 7, 1, 8, 7, 1, 8, 7, 1, 8, 7, 1, 
Total for 23: 6904
INTITAL: Springs: ????#????#????????#????#????????#????#????????#????#????????#????#???, Other: 1, 9, 1, 9, 1, 9, 1, 9, 1, 9, 
Total for 24: 52659
INTITAL: Springs: ???????#?????#.?????????#?????#.?????????#?????#.?????????#?????#.?????????#?????#.?, Other: 9, 1, 9, 1, 9, 1, 9, 1, 9, 1, 
Total for 25: 25540
INTITAL: Springs: .?????#????##.???.?????#????##.???.?????#????##.???.?????#????##.???.?????#????##.??, Other: 4, 3, 4, 3, 4, 3, 4, 3, 4, 3, 
Total for 26: 243
INTITAL: Springs: ????.??????.???????.??????.???????.??????.???????.??????.???????.??????.??, Other: 1, 2, 1, 2, 1, 2, 1, 2, 1, 2, 
Total for 27: 6175674437
INTITAL: Springs: ??#.?.????##???#???.???#.?.????##???#???.???#.?.????##???#???.???#.?.????##???#???.???#.?.????##???#???., Other: 3, 1, 11, 3, 1, 11, 3, 1, 11, 3, 1, 11, 3, 1, 11, 
Total for 28: 1024
INTITAL: Springs: #??#???.#??.?????#?#??#???.#??.?????#?#??#???.#??.?????#?#??#???.#??.?????#?#??#???.#??.?????#, Other: 7, 3, 1, 1, 1, 7, 3, 1, 1, 1, 7, 3, 1, 1, 1, 7, 3, 1, 1, 1, 7, 3, 1, 1, 1, 
Total for 29: 243
INTITAL: Springs: ??#?#.##????.?????#?#.##????.?????#?#.##????.?????#?#.##????.?????#?#.##????.??, Other: 4, 2, 1, 1, 4, 2, 1, 1, 4, 2, 1, 1, 4, 2, 1, 1, 4, 2, 1, 1, 
Total for 30: 102487
INTITAL: Springs: ?#?.????#????????.??#?.????#????????.??#?.????#????????.??#?.????#????????.??#?.????#????????., Other: 3, 5, 1, 1, 3, 5, 1, 1, 3, 5, 1, 1, 3, 5, 1, 1, 3, 5, 1, 1, 
Total for 31: 888723290
INTITAL: Springs: ?#??????#?.??#??????#?.??#??????#?.??#??????#?.??#??????#?., Other: 2, 3, 2, 3, 2, 3, 2, 3, 2, 3, 
Total for 32: 1024
INTITAL: Springs: #??#?#?????#??#?#?????#??#?#?????#??#?#?????#??#?#????, Other: 1, 5, 1, 1, 5, 1, 1, 5, 1, 1, 5, 1, 1, 5, 1, 
Total for 33: 243
INTITAL: Springs: ?.???#..????#??.???#..????#??.???#..????#??.???#..????#??.???#..????#, Other: 2, 1, 4, 2, 1, 4, 2, 1, 4, 2, 1, 4, 2, 1, 4, 
Total for 34: 1296
INTITAL: Springs: .###???#??..??????.###???#??..??????.###???#??..??????.###???#??..??????.###???#??..?????, Other: 9, 2, 9, 2, 9, 2, 9, 2, 9, 2, 
Total for 35: 2500
INTITAL: Springs: ?.????.?????#?????#??.????.?????#?????#??.????.?????#?????#??.????.?????#?????#??.????.?????#?????#, Other: 1, 1, 2, 1, 8, 1, 1, 2, 1, 8, 1, 1, 2, 1, 8, 1, 1, 2, 1, 8, 1, 1, 2, 1, 8, 
Total for 36: 19550
INTITAL: Springs: .???#????????.???#????????.???#????????.???#????????.???#???????, Other: 1, 2, 1, 2, 1, 2, 1, 2, 1, 2, 1, 2, 1, 2, 1, 2, 1, 2, 1, 2, 
Total for 37: 12566160
INTITAL: Springs: ?#????.??.???#????.??.???#????.??.???#????.??.???#????.??.?, Other: 2, 2, 2, 2, 2, 2, 2, 2, 2, 2, 
Total for 38: 60168
INTITAL: Springs: #??#??#?#?.??#?????#??#??#?#?.??#?????#??#??#?#?.??#?????#??#??#?#?.??#?????#??#??#?#?.??#????, Other: 9, 3, 1, 1, 9, 3, 1, 1, 9, 3, 1, 1, 9, 3, 1, 1, 9, 3, 1, 1, 
Total for 39: 1
INTITAL: Springs: #?#??#?....##??#?#??#?....##??#?#??#?....##??#?#??#?....##??#?#??#?....##?, Other: 4, 2, 2, 4, 2, 2, 4, 2, 2, 4, 2, 2, 4, 2, 2, 
Total for 40: 81
INTITAL: Springs: ?????#???#?.??#?#?????????#???#?.??#?#?????????#???#?.??#?#?????????#???#?.??#?#?????????#???#?.??#?#???, Other: 8, 2, 1, 1, 8, 2, 1, 1, 8, 2, 1, 1, 8, 2, 1, 1, 8, 2, 1, 1, 
Total for 41: 61109
INTITAL: Springs: ??#??###???##????#..???#??###???##????#..???#??###???##????#..???#??###???##????#..???#??###???##????#.., Other: 7, 4, 1, 7, 4, 1, 7, 4, 1, 7, 4, 1, 7, 4, 1, 
Total for 42: 3125
INTITAL: Springs: ??.????.##??????????.????.##??????????.????.##??????????.????.##??????????.????.##???????, Other: 1, 1, 1, 3, 4, 1, 1, 1, 3, 4, 1, 1, 1, 3, 4, 1, 1, 1, 3, 4, 1, 1, 1, 3, 4, 
Total for 43: 2811072
INTITAL: Springs: #??#.??.##?#?????#??#.??.##?#?????#??#.??.##?#?????#??#.??.##?#?????#??#.??.##?#????, Other: 2, 1, 1, 6, 1, 2, 1, 1, 6, 1, 2, 1, 1, 6, 1, 2, 1, 1, 6, 1, 2, 1, 1, 6, 1, 
Total for 44: 32
INTITAL: Springs: ???..????.????..????.????..????.????..????.????..????., Other: 1, 1, 2, 1, 1, 2, 1, 1, 2, 1, 1, 2, 1, 1, 2, 
Total for 45: 973956
INTITAL: Springs: #?.??.#?##?.???.???#?.??.#?##?.???.???#?.??.#?##?.???.???#?.??.#?##?.???.???#?.??.#?##?.???.??, Other: 2, 1, 4, 3, 1, 2, 1, 4, 3, 1, 2, 1, 4, 3, 1, 2, 1, 4, 3, 1, 2, 1, 4, 3, 1, 
Total for 46: 5184
INTITAL: Springs: ??????????#?#????????????#?#????????????#?#????????????#?#????????????#?#?, Other: 4, 1, 2, 1, 4, 1, 2, 1, 4, 1, 2, 1, 4, 1, 2, 1, 4, 1, 2, 1, 
Total for 47: 491336
INTITAL: Springs: ??.???????#??.?#?.????.???????#??.?#?.????.???????#??.?#?.????.???????#??.?#?.????.???????#??.?#?.?, Other: 8, 3, 8, 3, 8, 3, 8, 3, 8, 3, 
Total for 48: 243
INTITAL: Springs: ?.##?.??.?.??.##?.??.?.??.##?.??.?.??.##?.??.?.??.##?.??.?., Other: 2, 2, 1, 2, 2, 1, 2, 2, 1, 2, 2, 1, 2, 2, 1, 
Total for 49: 880
INTITAL: Springs: ????##..?#??#???..??????##..?#??#???..??????##..?#??#???..??????##..?#??#???..??????##..?#??#???..?, Other: 4, 7, 4, 7, 4, 7, 4, 7, 4, 7, 
Total for 50: 32
INTITAL: Springs: ???#??.#?##???#?#?????#??.#?##???#?#?????#??.#?##???#?#?????#??.#?##???#?#?????#??.#?##???#?#?, Other: 1, 1, 4, 1, 2, 1, 1, 4, 1, 2, 1, 1, 4, 1, 2, 1, 1, 4, 1, 2, 1, 1, 4, 1, 2, 
Total for 51: 1024
INTITAL: Springs: ?.???#????.?.???????.???#????.?.???????.???#????.?.???????.???#????.?.???????.???#????.?.?????, Other: 6, 1, 1, 1, 6, 1, 1, 1, 6, 1, 1, 1, 6, 1, 1, 1, 6, 1, 1, 1, 
Total for 52: 5732713498
INTITAL: Springs: ??...???##?????...???##?????...???##?????...???##?????...???##??, Other: 1, 1, 4, 1, 1, 4, 1, 1, 4, 1, 1, 4, 1, 1, 4, 
Total for 53: 32196
INTITAL: Springs: #?.#????#?????#?.????#?.#????#?????#?.????#?.#????#?????#?.????#?.#????#?????#?.????#?.#????#?????#?.???, Other: 1, 9, 2, 1, 1, 9, 2, 1, 1, 9, 2, 1, 1, 9, 2, 1, 1, 9, 2, 1, 
Total for 54: 7776
INTITAL: Springs: ???????.???.??.????????.???.??.????????.???.??.????????.???.??.????????.???.??., Other: 3, 1, 3, 1, 3, 1, 3, 1, 3, 1, 
Total for 55: 486587832
INTITAL: Springs: ?.?#???.??????#??#????.?#???.??????#??#????.?#???.??????#??#????.?#???.??????#??#????.?#???.??????#??#??, Other: 5, 10, 5, 10, 5, 10, 5, 10, 5, 10, 
Total for 56: 1875
INTITAL: Springs: ?.??#??????.???.??#??????.???.??#??????.???.??#??????.???.??#??????.?, Other: 1, 5, 1, 1, 5, 1, 1, 5, 1, 1, 5, 1, 1, 5, 1, 
Total for 57: 5662727
INTITAL: Springs: ???..???????????..???????????..???????????..???????????..???????, Other: 1, 1, 1, 1, 1, 1, 1, 1, 1, 1, 
Total for 58: 3986301966
INTITAL: Springs: .#??.???#??????.#??.???#??????.#??.???#??????.#??.???#??????.#??.???#?????, Other: 1, 1, 6, 1, 1, 6, 1, 1, 6, 1, 1, 6, 1, 1, 6, 
Total for 59: 125951
INTITAL: Springs: ??.??.???###????#??????.??.???###????#??????.??.???###????#??????.??.???###????#??????.??.???###????#???, Other: 1, 2, 8, 1, 1, 1, 2, 8, 1, 1, 1, 2, 8, 1, 1, 1, 2, 8, 1, 1, 1, 2, 8, 1, 1, 
Total for 60: 787776
INTITAL: Springs: ??.?..??????????.?..??????????.?..??????????.?..??????????.?..???????, Other: 1, 1, 7, 1, 1, 7, 1, 1, 7, 1, 1, 7, 1, 1, 7, 
Total for 61: 162
INTITAL: Springs: ?.??#??#?..#??#??.??#??#?..#??#??.??#??#?..#??#??.??#??#?..#??#??.??#??#?..#??#, Other: 1, 1, 5, 1, 1, 1, 1, 5, 1, 1, 1, 1, 5, 1, 1, 1, 1, 5, 1, 1, 1, 1, 5, 1, 1, 
Total for 62: 1
INTITAL: Springs: ?????.#?#??#?...#???????.#?#??#?...#???????.#?#??#?...#???????.#?#??#?...#???????.#?#??#?...#?, Other: 1, 1, 7, 1, 1, 1, 7, 1, 1, 1, 7, 1, 1, 1, 7, 1, 1, 1, 7, 1, 
Total for 63: 60000
INTITAL: Springs: ?#?#??#???#?#?#.??#?#??#???#?#?#.??#?#??#???#?#?#.??#?#??#???#?#?#.??#?#??#???#?#?#., Other: 11, 3, 11, 3, 11, 3, 11, 3, 11, 3, 
Total for 64: 1
INTITAL: Springs: .?#??#??.##?#?.?.?#??#??.##?#?.?.?#??#??.##?#?.?.?#??#??.##?#?.?.?#??#??.##?#?., Other: 5, 4, 5, 4, 5, 4, 5, 4, 5, 4, 
Total for 65: 32
INTITAL: Springs: ?#.??????????#.??????????#.??????????#.??????????#.????????, Other: 2, 1, 3, 2, 1, 3, 2, 1, 3, 2, 1, 3, 2, 1, 3, 
Total for 66: 462298
INTITAL: Springs: ???#???###?#??#?????????#???###?#??#?????????#???###?#??#?????????#???###?#??#?????????#???###?#??#?????, Other: 11, 4, 11, 4, 11, 4, 11, 4, 11, 4, 
Total for 67: 768
INTITAL: Springs: ??#?????.?#?#???#?????.?#?#???#?????.?#?#???#?????.?#?#???#?????.?#?#, Other: 4, 2, 4, 4, 2, 4, 4, 2, 4, 4, 2, 4, 4, 2, 4, 
Total for 68: 768
INTITAL: Springs: ??.#.#.?????##??.#???.#.#.?????##??.#???.#.#.?????##??.#???.#.#.?????##??.#???.#.#.?????##??.#, Other: 2, 1, 1, 8, 1, 2, 1, 1, 8, 1, 2, 1, 1, 8, 1, 2, 1, 1, 8, 1, 2, 1, 1, 8, 1, 
Total for 69: 32
INTITAL: Springs: #??.???#.?????#?#?#??.???#.?????#?#?#??.???#.?????#?#?#??.???#.?????#?#?#??.???#.?????#?#, Other: 3, 1, 2, 7, 3, 1, 2, 7, 3, 1, 2, 7, 3, 1, 2, 7, 3, 1, 2, 7, 
Total for 70: 1
INTITAL: Springs: .??#??#??#??.#?.??.??#??#??#??.#?.??.??#??#??#??.#?.??.??#??#??#??.#?.??.??#??#??#??.#?.?, Other: 7, 2, 7, 2, 7, 2, 7, 2, 7, 2, 
Total for 71: 1
INTITAL: Springs: ##????.??????.?##????.??????.?##????.??????.?##????.??????.?##????.??????., Other: 5, 1, 1, 1, 5, 1, 1, 1, 5, 1, 1, 1, 5, 1, 1, 1, 5, 1, 1, 1, 
Total for 72: 419904
INTITAL: Springs: ..?#..???##???????#?..?#..???##???????#?..?#..???##???????#?..?#..???##???????#?..?#..???##???????#, Other: 2, 11, 2, 11, 2, 11, 2, 11, 2, 11, 
Total for 73: 16
INTITAL: Springs: ?#?#?#??#??#????#?????#?#?#??#??#????#?????#?#?#??#??#????#?????#?#?#??#??#????#?????#?#?#??#??#????#???, Other: 5, 1, 4, 1, 1, 5, 1, 4, 1, 1, 5, 1, 4, 1, 1, 5, 1, 4, 1, 1, 5, 1, 4, 1, 1, 
Total for 74: 17300
INTITAL: Springs: ?#?????#????????#?????#????????#?????#????????#?????#????????#?????#??????, Other: 1, 1, 6, 1, 1, 6, 1, 1, 6, 1, 1, 6, 1, 1, 6, 
Total for 75: 688176
INTITAL: Springs: ??#??.?#????#???#????#??.?#????#???#????#??.?#????#???#????#??.?#????#???#????#??.?#????#???#?, Other: 1, 3, 1, 2, 1, 4, 1, 3, 1, 2, 1, 4, 1, 3, 1, 2, 1, 4, 1, 3, 1, 2, 1, 4, 1, 3, 1, 2, 1, 4, 
Total for 76: 1
INTITAL: Springs: ??.#?.????#?.???.#?.????#?.???.#?.????#?.???.#?.????#?.???.#?.????#?., Other: 1, 2, 5, 1, 2, 5, 1, 2, 5, 1, 2, 5, 1, 2, 5, 
Total for 77: 5184
INTITAL: Springs: ??..?????.?.???..?????.?.???..?????.?.???..?????.?.???..?????.?., Other: 1, 2, 1, 2, 1, 2, 1, 2, 1, 2, 
Total for 78: 12965427
INTITAL: Springs: ?????#?#..???????#?#..???????#?#..???????#?#..???????#?#..?, Other: 1, 3, 1, 1, 3, 1, 1, 3, 1, 1, 3, 1, 1, 3, 1, 
Total for 79: 135972
INTITAL: Springs: ?##?.?.??????##?.?.??????##?.?.??????##?.?.??????##?.?.????, Other: 2, 1, 1, 2, 1, 1, 2, 1, 1, 2, 1, 1, 2, 1, 1, 
Total for 80: 102487
INTITAL: Springs: .?##?#..#.?.?##?#..#.?.?##?#..#.?.?##?#..#.?.?##?#..#., Other: 4, 1, 4, 1, 4, 1, 4, 1, 4, 1, 
Total for 81: 1
INTITAL: Springs: .????#???.?.????#???.?.????#???.?.????#???.?.????#???., Other: 4, 2, 4, 2, 4, 2, 4, 2, 4, 2, 
Total for 82: 1
INTITAL: Springs: ???????.##?????????.##?????????.##?????????.##?????????.##?, Other: 1, 1, 2, 1, 1, 2, 1, 1, 2, 1, 1, 2, 1, 1, 2, 
Total for 83: 2917215
INTITAL: Springs: .?????#?#???.?????#?#???.?????#?#???.?????#?#???.?????#?#??, Other: 1, 6, 1, 6, 1, 6, 1, 6, 1, 6, 
Total for 84: 124416
INTITAL: Springs: ??????????.?#.???????????.?#.???????????.?#.???????????.?#.???????????.?#., Other: 2, 1, 2, 2, 1, 2, 2, 1, 2, 2, 1, 2, 2, 1, 2, 
Total for 85: 463175488
INTITAL: Springs: .??#?.???????..??.??.??#?.???????..??.??.??#?.???????..??.??.??#?.???????..??.??.??#?.???????..??.?, Other: 3, 1, 4, 1, 1, 3, 1, 4, 1, 1, 3, 1, 4, 1, 1, 3, 1, 4, 1, 1, 3, 1, 4, 1, 1, 
Total for 86: 3981312
INTITAL: Springs: ?.?##????#??????.?????.?##????#??????.?????.?##????#??????.?????.?##????#??????.?????.?##????#??????.???, Other: 1, 3, 7, 1, 1, 3, 7, 1, 1, 3, 7, 1, 1, 3, 7, 1, 1, 3, 7, 1, 
Total for 87: 437833780
INTITAL: Springs: .?#???.#??????.?#???.#??????.?#???.#??????.?#???.#??????.?#???.#?????, Other: 3, 1, 2, 1, 3, 1, 2, 1, 3, 1, 2, 1, 3, 1, 2, 1, 3, 1, 2, 1, 
Total for 88: 50000
INTITAL: Springs: ?.#?.??#????.?#..???.#?.??#????.?#..???.#?.??#????.?#..???.#?.??#????.?#..???.#?.??#????.?#..?, Other: 1, 1, 3, 1, 2, 1, 1, 1, 3, 1, 2, 1, 1, 1, 3, 1, 2, 1, 1, 1, 3, 1, 2, 1, 1, 1, 3, 1, 2, 1, 
Total for 89: 45927
INTITAL: Springs: ??#???#??##???.#???#???#??##???.#???#???#??##???.#???#???#??##???.#???#???#??##???.#, Other: 1, 1, 5, 1, 1, 1, 1, 5, 1, 1, 1, 1, 5, 1, 1, 1, 1, 5, 1, 1, 1, 1, 5, 1, 1, 
Total for 90: 9000
INTITAL: Springs: ??.?.#????#?#.?##??#???.?.#????#?#.?##??#???.?.#????#?#.?##??#???.?.#????#?#.?##??#???.?.#????#?#.?##??#, Other: 1, 1, 6, 5, 1, 1, 6, 5, 1, 1, 6, 5, 1, 1, 6, 5, 1, 1, 6, 5, 
Total for 91: 243
INTITAL: Springs: ????#?..??#?????.???????#?..??#?????.???????#?..??#?????.???????#?..??#?????.???????#?..??#?????.??, Other: 2, 1, 3, 2, 2, 2, 1, 3, 2, 2, 2, 1, 3, 2, 2, 2, 1, 3, 2, 2, 2, 1, 3, 2, 2, 
Total for 92: 15909534
INTITAL: Springs: .??#??????...##.?.??#??????...##.?.??#??????...##.?.??#??????...##.?.??#??????...##., Other: 2, 3, 1, 2, 2, 3, 1, 2, 2, 3, 1, 2, 2, 3, 1, 2, 2, 3, 1, 2, 
Total for 93: 1
INTITAL: Springs: ?#??.?????#.??#.??#??.?????#.??#.??#??.?????#.??#.??#??.?????#.??#.??#??.?????#.??#., Other: 2, 1, 5, 1, 2, 1, 5, 1, 2, 1, 5, 1, 2, 1, 5, 1, 2, 1, 5, 1, 
Total for 94: 1
INTITAL: Springs: .??#?#????#...??????.??#?#????#...??????.??#?#????#...??????.??#?#????#...??????.??#?#????#...?????, Other: 10, 1, 10, 1, 10, 1, 10, 1, 10, 1, 
Total for 95: 6480
INTITAL: Springs: .#?##???.???#??..?.#?##???.???#??..?.#?##???.???#??..?.#?##???.???#??..?.#?##???.???#??.., Other: 5, 1, 5, 1, 5, 1, 5, 1, 5, 1, 
Total for 96: 1
INTITAL: Springs: #?.#??.?#??#??#????#?.#??.?#??#??#????#?.#??.?#??#??#????#?.#??.?#??#??#????#?.#??.?#??#??#???, Other: 2, 1, 1, 2, 1, 5, 2, 1, 1, 2, 1, 5, 2, 1, 1, 2, 1, 5, 2, 1, 1, 2, 1, 5, 2, 1, 1, 2, 1, 5, 
Total for 97: 32
INTITAL: Springs: ?.#?????????.#?????????.#?????????.#?????????.#???????, Other: 2, 1, 2, 1, 2, 1, 2, 1, 2, 1, 
Total for 98: 97100
INTITAL: Springs: ???#?.??.?.#???????#?.??.?.#???????#?.??.?.#???????#?.??.?.#???????#?.??.?.#???, Other: 1, 1, 1, 1, 3, 1, 1, 1, 1, 3, 1, 1, 1, 1, 3, 1, 1, 1, 1, 3, 1, 1, 1, 1, 3, 
Total for 99: 187948
INTITAL: Springs: #?#?#.??#.#??#?#?#.??#.#??#?#?#.??#.#??#?#?#.??#.#??#?#?#.??#.#?, Other: 5, 2, 2, 5, 2, 2, 5, 2, 2, 5, 2, 2, 5, 2, 2, 
Total for 100: 1
INTITAL: Springs: #????.#?#???#?#????.#?#???#?#????.#?#???#?#????.#?#???#?#????.#?#???#, Other: 3, 1, 3, 1, 3, 1, 3, 1, 3, 1, 3, 1, 3, 1, 3, 1, 3, 1, 3, 1, 
Total for 101: 748
INTITAL: Springs: #.?.?.??????????#.?.?.??????????#.?.?.??????????#.?.?.??????????#.?.?.?????????, Other: 1, 1, 2, 4, 1, 1, 2, 4, 1, 1, 2, 4, 1, 1, 2, 4, 1, 1, 2, 4, 
Total for 102: 6343581
INTITAL: Springs: ??#???????????.????#???????????.????#???????????.????#???????????.????#???????????.?, Other: 3, 1, 7, 1, 3, 1, 7, 1, 3, 1, 7, 1, 3, 1, 7, 1, 3, 1, 7, 1, 
Total for 103: 2500
INTITAL: Springs: ???##.#????#?#??.????##.#????#?#??.????##.#????#?#??.????##.#????#?#??.????##.#????#?#??., Other: 5, 1, 4, 5, 1, 4, 5, 1, 4, 5, 1, 4, 5, 1, 4, 
Total for 104: 32
INTITAL: Springs: ??????.????.???????.????.???????.????.???????.????.???????.????., Other: 3, 3, 3, 3, 3, 3, 3, 3, 3, 3, 
Total for 105: 382768
INTITAL: Springs: #?#??.?????????#?#??.?????????#?#??.?????????#?#??.?????????#?#??.????????, Other: 1, 3, 2, 1, 1, 3, 2, 1, 1, 3, 2, 1, 1, 3, 2, 1, 1, 3, 2, 1, 
Total for 106: 7780064
INTITAL: Springs: ?.???..?..#??.???..?..#??.???..?..#??.???..?..#??.???..?..#, Other: 2, 1, 1, 2, 1, 1, 2, 1, 1, 2, 1, 1, 2, 1, 1, 
Total for 107: 512
INTITAL: Springs: ???#??????#??????#??????#??????#??????#??????#??????#??????#??????#??, Other: 6, 1, 3, 6, 1, 3, 6, 1, 3, 6, 1, 3, 6, 1, 3, 
Total for 108: 6262
INTITAL: Springs: #?????.#????##?#?????.#????##?#?????.#????##?#?????.#????##?#?????.#????##, Other: 1, 2, 7, 1, 2, 7, 1, 2, 7, 1, 2, 7, 1, 2, 7, 
Total for 109: 243
INTITAL: Springs: ????????????#?#????????????????#?#????????????????#?#????????????????#?#????????????????#?#???, Other: 3, 2, 5, 3, 2, 5, 3, 2, 5, 3, 2, 5, 3, 2, 5, 
Total for 110: 3179950681
INTITAL: Springs: #??.?.?????#??#??.?.?????#??#??.?.?????#??#??.?.?????#??#??.?.?????#?, Other: 1, 1, 1, 2, 1, 1, 1, 2, 1, 1, 1, 2, 1, 1, 1, 2, 1, 1, 1, 2, 
Total for 111: 17562219
INTITAL: Springs: ?.##??????#????.#?????.##??????#????.#?????.##??????#????.#?????.##??????#????.#?????.##??????#????.#???, Other: 1, 12, 1, 2, 1, 12, 1, 2, 1, 12, 1, 2, 1, 12, 1, 2, 1, 12, 1, 2, 
Total for 112: 1
INTITAL: Springs: ?????.????#??????????.????#??????????.????#??????????.????#??????????.????#????, Other: 1, 1, 1, 3, 1, 1, 1, 1, 3, 1, 1, 1, 1, 3, 1, 1, 1, 1, 3, 1, 1, 1, 1, 3, 1, 
Total for 113: 39326055267
INTITAL: Springs: ?#?...#?.??##??#???#?...#?.??##??#???#?...#?.??##??#???#?...#?.??##??#???#?...#?.??##??#?, Other: 2, 1, 6, 2, 1, 6, 2, 1, 6, 2, 1, 6, 2, 1, 6, 
Total for 114: 1024
INTITAL: Springs: .???.#.#?#..???.???.#.#?#..???.???.#.#?#..???.???.#.#?#..???.???.#.#?#..??, Other: 2, 1, 3, 1, 2, 1, 3, 1, 2, 1, 3, 1, 2, 1, 3, 1, 2, 1, 3, 1, 
Total for 115: 5184
INTITAL: Springs: .????#.?.??????.????#.?.??????.????#.?.??????.????#.?.??????.????#.?.?????, Other: 5, 3, 5, 3, 5, 3, 5, 3, 5, 3, 
Total for 116: 768
INTITAL: Springs: .????.?????.????.?????.????.?????.????.?????.????.????, Other: 1, 3, 1, 3, 1, 3, 1, 3, 1, 3, 
Total for 117: 695928
INTITAL: Springs: .?#???????#?#.????.?#???????#?#.????.?#???????#?#.????.?#???????#?#.????.?#???????#?#.???, Other: 4, 6, 1, 4, 6, 1, 4, 6, 1, 4, 6, 1, 4, 6, 1, 
Total for 118: 24576
INTITAL: Springs: ????##.???.??????##.???.??????##.???.??????##.???.??????##.???.?, Other: 6, 2, 6, 2, 6, 2, 6, 2, 6, 2, 
Total for 119: 32
INTITAL: Springs: ???#???.?##???????#???.?##???????#???.?##???????#???.?##???????#???.?##???, Other: 7, 3, 7, 3, 7, 3, 7, 3, 7, 3, 
Total for 120: 4802
INTITAL: Springs: ???#?.????.????#####????#?.????.????#####????#?.????.????#####????#?.????.????#####????#?.????.????#####, Other: 3, 1, 1, 2, 6, 3, 1, 1, 2, 6, 3, 1, 1, 2, 6, 3, 1, 1, 2, 6, 3, 1, 1, 2, 6, 
Total for 121: 629856
INTITAL: Springs: .????????.????.????????.????.????????.????.????????.????.????????.???, Other: 4, 1, 1, 4, 1, 1, 4, 1, 1, 4, 1, 1, 4, 1, 1, 
Total for 122: 264357428
INTITAL: Springs: ?#??.???.??.??#??.???.??.??#??.???.??.??#??.???.??.??#??.???.??., Other: 4, 1, 1, 1, 4, 1, 1, 1, 4, 1, 1, 1, 4, 1, 1, 1, 4, 1, 1, 1, 
Total for 123: 512
INTITAL: Springs: ?#.#??.?#????#????????#.#??.?#????#????????#.#??.?#????#????????#.#??.?#????#????????#.#??.?#????#??????, Other: 2, 2, 2, 2, 3, 2, 2, 2, 2, 2, 3, 2, 2, 2, 2, 2, 3, 2, 2, 2, 2, 2, 3, 2, 2, 2, 2, 2, 3, 2, 
Total for 124: 32
INTITAL: Springs: ?.#???.??????.#???.??????.#???.??????.#???.??????.#???.????, Other: 4, 1, 4, 1, 4, 1, 4, 1, 4, 1, 
Total for 125: 6891
INTITAL: Springs: ##????..??##??#??????##????..??##??#??????##????..??##??#??????##????..??##??#??????##????..??##??#?????, Other: 2, 1, 11, 2, 1, 11, 2, 1, 11, 2, 1, 11, 2, 1, 11, 
Total for 126: 7776
INTITAL: Springs: ???###?????##.?#??????###?????##.?#??????###?????##.?#??????###?????##.?#??????###?????##.?#??, Other: 12, 3, 12, 3, 12, 3, 12, 3, 12, 3, 
Total for 127: 32
INTITAL: Springs: ???#????.??????????#????.??????????#????.??????????#????.??????????#????.??????, Other: 7, 1, 2, 7, 1, 2, 7, 1, 2, 7, 1, 2, 7, 1, 2, 
Total for 128: 6096000
INTITAL: Springs: ???.???#?????????????.???#?????????????.???#?????????????.???#?????????????.???#?????????, Other: 1, 6, 3, 1, 1, 6, 3, 1, 1, 6, 3, 1, 1, 6, 3, 1, 1, 6, 3, 1, 
Total for 129: 44921772
INTITAL: Springs: ???.??.???#??#..??????.??.???#??#..??????.??.???#??#..??????.??.???#??#..??????.??.???#??#..??, Other: 1, 1, 1, 3, 1, 1, 1, 1, 1, 3, 1, 1, 1, 1, 1, 3, 1, 1, 1, 1, 1, 3, 1, 1, 1, 1, 1, 3, 1, 1, 
Total for 130: 56320000
INTITAL: Springs: ..#.??.??#.?..#.??.??#.?..#.??.??#.?..#.??.??#.?..#.??.??#., Other: 1, 1, 2, 1, 1, 2, 1, 1, 2, 1, 1, 2, 1, 1, 2, 
Total for 131: 232
INTITAL: Springs: .??????????????????.??????????????????.??????????????????.??????????????????.?????????????????, Other: 3, 4, 4, 3, 4, 4, 3, 4, 4, 3, 4, 4, 3, 4, 4, 
Total for 132: 754895505
INTITAL: Springs: ????.??...??#.?????.??...??#.?????.??...??#.?????.??...??#.?????.??...??#., Other: 1, 1, 1, 1, 1, 1, 1, 1, 1, 1, 1, 1, 1, 1, 1, 1, 1, 1, 1, 1, 
Total for 133: 236859737
INTITAL: Springs: ??????#???#??????#?????????#???#??????#?????????#???#??????#?????????#???#??????#?????????#???#??????#??, Other: 1, 1, 8, 2, 2, 1, 1, 8, 2, 2, 1, 1, 8, 2, 2, 1, 1, 8, 2, 2, 1, 1, 8, 2, 2, 
Total for 134: 2985168
INTITAL: Springs: ??#???##????????#???##????????#???##????????#???##????????#???##?????, Other: 2, 4, 2, 2, 4, 2, 2, 4, 2, 2, 4, 2, 2, 4, 2, 
Total for 135: 573894
INTITAL: Springs: #.????#????????#.????#????????#.????#????????#.????#????????#.????#???????, Other: 1, 1, 6, 1, 1, 6, 1, 1, 6, 1, 1, 6, 1, 1, 6, 
Total for 136: 678973
INTITAL: Springs: .?#?#?.????????#??.?#?#?.????????#??.?#?#?.????????#??.?#?#?.????????#??.?#?#?.????????#?, Other: 1, 2, 8, 1, 2, 8, 1, 2, 8, 1, 2, 8, 1, 2, 8, 
Total for 137: 162
INTITAL: Springs: .???.????.?.???.????.?.???.????.?.???.????.?.???.????., Other: 2, 2, 2, 2, 2, 2, 2, 2, 2, 2, 
Total for 138: 7776
INTITAL: Springs: ?????##?##????..#?????????##?##????..#?????????##?##????..#?????????##?##????..#?????????##?##????..#???, Other: 11, 2, 3, 11, 2, 3, 11, 2, 3, 11, 2, 3, 11, 2, 3, 
Total for 139: 81
INTITAL: Springs: .?#????#????.??.?#????#????.??.?#????#????.??.?#????#????.??.?#????#????.?, Other: 1, 1, 5, 1, 1, 1, 5, 1, 1, 1, 5, 1, 1, 1, 5, 1, 1, 1, 5, 1, 
Total for 140: 3888
INTITAL: Springs: .???#???#?##?#?.???#???#?##?#?.???#???#?##?#?.???#???#?##?#?.???#???#?##?#, Other: 3, 6, 3, 6, 3, 6, 3, 6, 3, 6, 
Total for 141: 243
INTITAL: Springs: #??????#???#????#??????#???#????#??????#???#????#??????#???#????#??????#???#???, Other: 8, 2, 1, 8, 2, 1, 8, 2, 1, 8, 2, 1, 8, 2, 1, 
Total for 142: 803
INTITAL: Springs: ?#????.??????#????.??????#????.??????#????.??????#????.????, Other: 5, 2, 5, 2, 5, 2, 5, 2, 5, 2, 
Total for 143: 75558
INTITAL: Springs: ???.?##?????..##???????.?##?????..##???????.?##?????..##???????.?##?????..##???????.?##?????..##???, Other: 2, 6, 1, 5, 2, 6, 1, 5, 2, 6, 1, 5, 2, 6, 1, 5, 2, 6, 1, 5, 
Total for 144: 32
INTITAL: Springs: #???.#??#???#????#???.#??#???#????#???.#??#???#????#???.#??#???#????#???.#??#???#???, Other: 3, 2, 1, 2, 1, 3, 2, 1, 2, 1, 3, 2, 1, 2, 1, 3, 2, 1, 2, 1, 3, 2, 1, 2, 1, 
Total for 145: 768
INTITAL: Springs: ???.?##???.????.?##???.????.?##???.????.?##???.????.?##???., Other: 2, 3, 2, 3, 2, 3, 2, 3, 2, 3, 
Total for 146: 11052
INTITAL: Springs: ##???.???#.????##???.???#.????##???.???#.????##???.???#.????##???.???#.???, Other: 4, 1, 2, 1, 4, 1, 2, 1, 4, 1, 2, 1, 4, 1, 2, 1, 4, 1, 2, 1, 
Total for 147: 66460
INTITAL: Springs: ?.#?#??###????????#???.#?#??###????????#???.#?#??###????????#???.#?#??###????????#???.#?#??###????????#?, Other: 1, 1, 9, 2, 2, 1, 1, 9, 2, 2, 1, 1, 9, 2, 2, 1, 1, 9, 2, 2, 1, 1, 9, 2, 2, 
Total for 148: 768
INTITAL: Springs: ?????##?#???.??????##?#???.??????##?#???.??????##?#???.??????##?#???., Other: 1, 1, 8, 1, 1, 8, 1, 1, 8, 1, 1, 8, 1, 1, 8, 
Total for 149: 256
INTITAL: Springs: ?#????????.????????#????????.????????#????????.????????#????????.????????#????????.??????, Other: 8, 2, 1, 8, 2, 1, 8, 2, 1, 8, 2, 1, 8, 2, 1, 
Total for 150: 18837900
INTITAL: Springs: ?.#.#?..#?????.#.#?..#?????.#.#?..#?????.#.#?..#?????.#.#?..#???, Other: 1, 1, 2, 1, 1, 1, 2, 1, 1, 1, 2, 1, 1, 1, 2, 1, 1, 1, 2, 1, 
Total for 151: 949
INTITAL: Springs: ???.??####..???????.??####..???????.??####..???????.??####..???????.??####..???, Other: 1, 6, 1, 1, 6, 1, 1, 6, 1, 1, 6, 1, 1, 6, 1, 
Total for 152: 455625
INTITAL: Springs: ???.#?#????##?#.????.#?#????##?#.????.#?#????##?#.????.#?#????##?#.????.#?#????##?#., Other: 3, 1, 2, 4, 3, 1, 2, 4, 3, 1, 2, 4, 3, 1, 2, 4, 3, 1, 2, 4, 
Total for 153: 16
INTITAL: Springs: ???????##???#??#????????????##???#??#????????????##???#??#????????????##???#??#????????????##???#??#????, Other: 1, 1, 3, 8, 1, 1, 3, 8, 1, 1, 3, 8, 1, 1, 3, 8, 1, 1, 3, 8, 
Total for 154: 357025676
INTITAL: Springs: .?#???##???????????.?#???##???????????.?#???##???????????.?#???##???????????.?#???##??????????, Other: 9, 4, 9, 4, 9, 4, 9, 4, 9, 4, 
Total for 155: 45927
INTITAL: Springs: ?.###????#????##????.###????#????##????.###????#????##????.###????#????##????.###????#????##??, Other: 5, 9, 5, 9, 5, 9, 5, 9, 5, 9, 
Total for 156: 32
INTITAL: Springs: ????##?#??????????##?#??????????##?#??????????##?#??????????##?#?????, Other: 1, 3, 1, 2, 1, 3, 1, 2, 1, 3, 1, 2, 1, 3, 1, 2, 1, 3, 1, 2, 
Total for 157: 60000
INTITAL: Springs: ???.??##?#?#??.#.????.??##?#?#??.#.????.??##?#?#??.#.????.??##?#?#??.#.????.??##?#?#??.#., Other: 3, 7, 1, 3, 7, 1, 3, 7, 1, 3, 7, 1, 3, 7, 1, 
Total for 158: 512
INTITAL: Springs: ..?????.?.?..?????.?.?..?????.?.?..?????.?.?..?????.?., Other: 4, 1, 4, 1, 4, 1, 4, 1, 4, 1, 
Total for 159: 512
INTITAL: Springs: ???.?#??#??##????.????.?#??#??##????.????.?#??#??##????.????.?#??#??##????.????.?#??#??##????., Other: 2, 1, 1, 2, 1, 1, 2, 1, 1, 2, 1, 1, 2, 1, 1, 2, 1, 1, 2, 1, 1, 2, 1, 1, 2, 1, 1, 2, 1, 1, 
Total for 160: 2592
INTITAL: Springs: ?#?#??#???#???#?#??#???#???#?#??#???#???#?#??#???#???#?#??#???#?, Other: 2, 2, 1, 3, 2, 2, 1, 3, 2, 2, 1, 3, 2, 2, 1, 3, 2, 2, 1, 3, 
Total for 161: 32
INTITAL: Springs: ?.#?#????#????.#?#????#????.#?#????#????.#?#????#????.#?#????#??, Other: 1, 1, 4, 2, 1, 1, 4, 2, 1, 1, 4, 2, 1, 1, 4, 2, 1, 1, 4, 2, 
Total for 162: 16
INTITAL: Springs: ..??..????.#??????..??..????.#??????..??..????.#??????..??..????.#??????..??..????.#?????, Other: 2, 1, 2, 1, 2, 1, 2, 1, 2, 1, 
Total for 163: 611159
INTITAL: Springs: .#?#?#?##???.#?.#?#?#?##???.#?.#?#?#?##???.#?.#?#?#?##???.#?.#?#?#?##???.#, Other: 1, 3, 5, 1, 1, 3, 5, 1, 1, 3, 5, 1, 1, 3, 5, 1, 1, 3, 5, 1, 
Total for 164: 1
INTITAL: Springs: ?##?.??.#?.#?????.??##?.??.#?.#?????.??##?.??.#?.#?????.??##?.??.#?.#?????.??##?.??.#?.#?????., Other: 3, 1, 1, 2, 2, 3, 1, 1, 2, 2, 3, 1, 1, 2, 2, 3, 1, 1, 2, 2, 3, 1, 1, 2, 2, 
Total for 165: 32768
INTITAL: Springs: ?????.?.???#??.?.?????????.?.???#??.?.?????????.?.???#??.?.?????????.?.???#??.?.?????????.?.???#??.?.???, Other: 2, 1, 1, 4, 1, 3, 2, 1, 1, 4, 1, 3, 2, 1, 1, 4, 1, 3, 2, 1, 1, 4, 1, 3, 2, 1, 1, 4, 1, 3, 
Total for 166: 23882384
INTITAL: Springs: ????#???#?.#??????#???#?.#??????#???#?.#??????#???#?.#??????#???#?.#?, Other: 5, 1, 1, 1, 5, 1, 1, 1, 5, 1, 1, 1, 5, 1, 1, 1, 5, 1, 1, 1, 
Total for 167: 1
INTITAL: Springs: ??????.#??..?#???.##???????.#??..?#???.##???????.#??..?#???.##???????.#??..?#???.##???????.#??..?#???.##, Other: 1, 2, 1, 1, 4, 2, 1, 2, 1, 1, 4, 2, 1, 2, 1, 1, 4, 2, 1, 2, 1, 1, 4, 2, 1, 2, 1, 1, 4, 2, 
Total for 168: 537824
INTITAL: Springs: ?????#?.???..##?#???????#?.???..##?#???????#?.???..##?#???????#?.???..##?#???????#?.???..##?#?, Other: 1, 1, 1, 1, 1, 4, 1, 1, 1, 1, 1, 4, 1, 1, 1, 1, 1, 4, 1, 1, 1, 1, 1, 4, 1, 1, 1, 1, 1, 4, 
Total for 169: 19683
INTITAL: Springs: ???.??...???????????????.??...???????????????.??...???????????????.??...???????????????.??...???????????, Other: 4, 2, 4, 2, 4, 2, 4, 2, 4, 2, 
Total for 170: 1044155373
INTITAL: Springs: ??#?#.??#???????#?#.??#???????#?#.??#???????#?#.??#???????#?#.??#????, Other: 1, 3, 1, 2, 1, 3, 1, 2, 1, 3, 1, 2, 1, 3, 1, 2, 1, 3, 1, 2, 
Total for 171: 26523
INTITAL: Springs: ???##???#.??.??????##???#.??.??????##???#.??.??????##???#.??.??????##???#.??.??, Other: 9, 1, 9, 1, 9, 1, 9, 1, 9, 1, 
Total for 172: 2848
INTITAL: Springs: ????????#??#??#??#?????????#??#??#??#?????????#??#??#??#?????????#??#??#??#?????????#??#??#??#, Other: 1, 11, 1, 1, 1, 11, 1, 1, 1, 11, 1, 1, 1, 11, 1, 1, 1, 11, 1, 1, 
Total for 173: 1
INTITAL: Springs: ????????????..??????????????..??????????????..??????????????..??????????????..?, Other: 2, 6, 1, 2, 6, 1, 2, 6, 1, 2, 6, 1, 2, 6, 1, 
Total for 174: 12108584
INTITAL: Springs: ?.????#??.???.????#??.???.????#??.???.????#??.???.????#??.?, Other: 1, 4, 1, 4, 1, 4, 1, 4, 1, 4, 
Total for 175: 155937
INTITAL: Springs: ??#?#???###???#?#???###???#?#???###???#?#???###???#?#???###, Other: 3, 3, 3, 3, 3, 3, 3, 3, 3, 3, 
Total for 176: 1
INTITAL: Springs: .??##?.#.??.??##?.#.??.??##?.#.??.??##?.#.??.??##?.#.?, Other: 3, 1, 1, 3, 1, 1, 3, 1, 1, 3, 1, 1, 3, 1, 1, 
Total for 177: 1250
INTITAL: Springs: ?###?#?####???????.??###?#?####???????.??###?#?####???????.??###?#?####???????.??###?#?####???????., Other: 16, 1, 16, 1, 16, 1, 16, 1, 16, 1, 
Total for 178: 81
INTITAL: Springs: ??#??#?#??.#?????#??#?#??.#?????#??#?#??.#?????#??#?#??.#?????#??#?#??.#??, Other: 2, 4, 2, 2, 4, 2, 2, 4, 2, 2, 4, 2, 2, 4, 2, 
Total for 179: 243
INTITAL: Springs: ???##??#.?.????##??#.?.????##??#.?.????##??#.?.????##??#.?., Other: 4, 1, 1, 4, 1, 1, 4, 1, 1, 4, 1, 1, 4, 1, 1, 
Total for 180: 1250
INTITAL: Springs: .??#????#?##?#????.??#????#?##?#????.??#????#?##?#????.??#????#?##?#????.??#????#?##?#???, Other: 1, 2, 9, 1, 1, 2, 9, 1, 1, 2, 9, 1, 1, 2, 9, 1, 1, 2, 9, 1, 
Total for 181: 81
INTITAL: Springs: ???.?#????.?.??#??##????.?#????.?.??#??##????.?#????.?.??#??##????.?#????.?.??#??##????.?#????.?.??#??##, Other: 3, 3, 2, 1, 6, 3, 3, 2, 1, 6, 3, 3, 2, 1, 6, 3, 3, 2, 1, 6, 3, 3, 2, 1, 6, 
Total for 182: 1
INTITAL: Springs: .???????#???.?.???????#???.?.???????#???.?.???????#???.?.???????#???., Other: 3, 1, 1, 1, 3, 1, 1, 1, 3, 1, 1, 1, 3, 1, 1, 1, 3, 1, 1, 1, 
Total for 183: 2579082
INTITAL: Springs: ?.?##??.?#?##??#...??.?##??.?#?##??#...??.?##??.?#?##??#...??.?##??.?#?##??#...??.?##??.?#?##??#..., Other: 3, 7, 3, 7, 3, 7, 3, 7, 3, 7, 
Total for 184: 32
INTITAL: Springs: ?????..??#??.???????..??#??.???????..??#??.???????..??#??.???????..??#??.?, Other: 3, 3, 1, 3, 3, 1, 3, 3, 1, 3, 3, 1, 3, 3, 1, 
Total for 185: 3581415
INTITAL: Springs: .?...???????.?...???????.?...???????.?...???????.?...??????, Other: 1, 1, 1, 1, 1, 1, 1, 1, 1, 1, 1, 1, 1, 1, 1, 
Total for 186: 94791932
INTITAL: Springs: ?#?..#??.???????.????#?..#??.???????.????#?..#??.???????.????#?..#??.???????.????#?..#??.???????.??, Other: 1, 1, 1, 1, 4, 1, 1, 1, 1, 1, 4, 1, 1, 1, 1, 1, 4, 1, 1, 1, 1, 1, 4, 1, 1, 1, 1, 1, 4, 1, 
Total for 187: 1231872
INTITAL: Springs: ??##.????#?.?????????##.????#?.?????????##.????#?.?????????##.????#?.?????????##.????#?.??????, Other: 3, 1, 1, 4, 3, 1, 1, 4, 3, 1, 1, 4, 3, 1, 1, 4, 3, 1, 1, 4, 
Total for 188: 1441305
INTITAL: Springs: #.???#?##??.?#??????#.???#?##??.?#??????#.???#?##??.?#??????#.???#?##??.?#??????#.???#?##??.?#?????, Other: 1, 9, 2, 1, 1, 9, 2, 1, 1, 9, 2, 1, 1, 9, 2, 1, 1, 9, 2, 1, 
Total for 189: 16807
INTITAL: Springs: .?.???#??.??####???.?.???#??.??####???.?.???#??.??####???.?.???#??.??####???.?.???#??.??####??, Other: 6, 4, 6, 4, 6, 4, 6, 4, 6, 4, 
Total for 190: 1
INTITAL: Springs: ?..???.?##??#.??????..???.?##??#.??????..???.?##??#.??????..???.?##??#.??????..???.?##??#.????, Other: 1, 1, 3, 1, 3, 1, 1, 3, 1, 3, 1, 1, 3, 1, 3, 1, 1, 3, 1, 3, 1, 1, 3, 1, 3, 
Total for 191: 7311616
INTITAL: Springs: ?.#..?.?#?.#?????.#..?.?#?.#?????.#..?.?#?.#?????.#..?.?#?.#?????.#..?.?#?.#???, Other: 1, 1, 3, 2, 1, 1, 3, 2, 1, 1, 3, 2, 1, 1, 3, 2, 1, 1, 3, 2, 
Total for 192: 723
INTITAL: Springs: .?.????##.#???.?.????##.#???.?.????##.#???.?.????##.#???.?.????##.#??, Other: 1, 5, 2, 1, 5, 2, 1, 5, 2, 1, 5, 2, 1, 5, 2, 
Total for 193: 16
INTITAL: Springs: #??????#?????#?.?#??#??????#?????#?.?#??#??????#?????#?.?#??#??????#?????#?.?#??#??????#?????#?.?#?, Other: 1, 1, 9, 3, 1, 1, 9, 3, 1, 1, 9, 3, 1, 1, 9, 3, 1, 1, 9, 3, 
Total for 194: 3125
INTITAL: Springs: .??#????.???#???.??#????.???#???.??#????.???#???.??#????.???#???.??#????.???#??, Other: 1, 3, 1, 3, 1, 3, 1, 3, 1, 3, 
Total for 195: 243
INTITAL: Springs: #?.????????#?.????????#?.????????#?.????????#?.???????, Other: 2, 1, 1, 2, 1, 1, 2, 1, 1, 2, 1, 1, 2, 1, 1, 
Total for 196: 11226657
INTITAL: Springs: ??.????????##???.????????##???.????????##???.????????##???.????????##, Other: 2, 1, 2, 3, 2, 1, 2, 3, 2, 1, 2, 3, 2, 1, 2, 3, 2, 1, 2, 3, 
Total for 197: 7776
INTITAL: Springs: ?.???????..???????????.???????..???????????.???????..???????????.???????..???????????.???????..?????????, Other: 6, 3, 6, 3, 6, 3, 6, 3, 6, 3, 
Total for 198: 23685210
INTITAL: Springs: ??????????##???????????????##???????????????##???????????????##???????????????##????, Other: 1, 1, 7, 1, 1, 7, 1, 1, 7, 1, 1, 7, 1, 1, 7, 
Total for 199: 7544212970
INTITAL: Springs: ???????.?#?.???##???????????.?#?.???##???????????.?#?.???##???????????.?#?.???##???????????.?#?.???##???, Other: 3, 3, 5, 3, 3, 5, 3, 3, 5, 3, 3, 5, 3, 3, 5, 
Total for 200: 10506128
INTITAL: Springs: ???.??.???#?##??#?.?????.??.???#?##??#?.?????.??.???#?##??#?.?????.??.???#?##??#?.?????.??.???#?##??#?.?, Other: 1, 11, 1, 11, 1, 11, 1, 11, 1, 11, 
Total for 201: 12005
INTITAL: Springs: #.?#?#??#.??????.??#.?#?#??#.??????.??#.?#?#??#.??????.??#.?#?#??#.??????.??#.?#?#??#.??????.?, Other: 1, 4, 1, 3, 1, 1, 1, 4, 1, 3, 1, 1, 1, 4, 1, 3, 1, 1, 1, 4, 1, 3, 1, 1, 1, 4, 1, 3, 1, 1, 
Total for 202: 7776
INTITAL: Springs: ?#?.???????.#.??#?.???????.#.??#?.???????.#.??#?.???????.#.??#?.???????.#., Other: 1, 3, 1, 1, 1, 3, 1, 1, 1, 3, 1, 1, 1, 3, 1, 1, 1, 3, 1, 1, 
Total for 203: 1064853
INTITAL: Springs: ##????.?#.#??##????.?#.#??##????.?#.#??##????.?#.#??##????.?#.#?, Other: 2, 1, 2, 2, 2, 1, 2, 2, 2, 1, 2, 2, 2, 1, 2, 2, 2, 1, 2, 2, 
Total for 204: 243
INTITAL: Springs: ?????#??#???????????#??#???????????#??#???????????#??#???????????#??#?????, Other: 7, 1, 7, 1, 7, 1, 7, 1, 7, 1, 
Total for 205: 3579936
INTITAL: Springs: ?.????#??????????.????#??????????.????#??????????.????#??????????.????#????????, Other: 5, 2, 2, 5, 2, 2, 5, 2, 2, 5, 2, 2, 5, 2, 2, 
Total for 206: 23182250
INTITAL: Springs: .??##??????.??##??????.??##??????.??##??????.??##?????, Other: 1, 7, 1, 7, 1, 7, 1, 7, 1, 7, 
Total for 207: 1
INTITAL: Springs: ???#??##???.???#???????#??##???.???#???????#??##???.???#???????#??##???.???#???????#??##???.???#???, Other: 8, 1, 2, 1, 2, 8, 1, 2, 1, 2, 8, 1, 2, 1, 2, 8, 1, 2, 1, 2, 8, 1, 2, 1, 2, 
Total for 208: 768
INTITAL: Springs: ??????????#?#??#???????????????#?#??#???????????????#?#??#???????????????#?#??#???????????????#?#??#????, Other: 1, 1, 1, 5, 2, 1, 1, 1, 1, 5, 2, 1, 1, 1, 1, 5, 2, 1, 1, 1, 1, 5, 2, 1, 1, 1, 1, 5, 2, 1, 
Total for 209: 124278289645
INTITAL: Springs: ????????.?#?????????.?#?????????.?#?????????.?#?????????.?#, Other: 1, 2, 2, 1, 2, 2, 1, 2, 2, 1, 2, 2, 1, 2, 2, 
Total for 210: 16137859
INTITAL: Springs: ?#??.???..#???#??.???..#???#??.???..#???#??.???..#???#??.???..#?, Other: 3, 3, 2, 3, 3, 2, 3, 3, 2, 3, 3, 2, 3, 3, 2, 
Total for 211: 32
INTITAL: Springs: ??#?????#??#?.???#?????#??#?.???#?????#??#?.???#?????#??#?.???#?????#??#?., Other: 4, 1, 5, 4, 1, 5, 4, 1, 5, 4, 1, 5, 4, 1, 5, 
Total for 212: 26244
INTITAL: Springs: ?.??#.#?????.??#.#?????.??#.#?????.??#.#?????.??#.#???, Other: 1, 1, 3, 1, 1, 3, 1, 1, 3, 1, 1, 3, 1, 1, 3, 
Total for 213: 512
INTITAL: Springs: ??????#???#????.???????#???#????.???????#???#????.???????#???#????.???????#???#????., Other: 2, 9, 2, 9, 2, 9, 2, 9, 2, 9, 
Total for 214: 720055
INTITAL: Springs: ??#??#??.?#??#??.???#??#??.?#??#??.???#??#??.?#??#??.???#??#??.?#??#??.???#??#??.?#??#??., Other: 1, 4, 1, 2, 3, 1, 4, 1, 2, 3, 1, 4, 1, 2, 3, 1, 4, 1, 2, 3, 1, 4, 1, 2, 3, 
Total for 215: 3888
INTITAL: Springs: ###?????.??????#??###?????.??????#??###?????.??????#??###?????.??????#??###?????.??????#?, Other: 7, 1, 1, 1, 7, 1, 1, 1, 7, 1, 1, 1, 7, 1, 1, 1, 7, 1, 1, 1, 
Total for 216: 11844660
INTITAL: Springs: ?.??#?????#.?????#??.??#?????#.?????#??.??#?????#.?????#??.??#?????#.?????#??.??#?????#.?????#, Other: 3, 3, 1, 3, 1, 3, 3, 1, 3, 1, 3, 3, 1, 3, 1, 3, 3, 1, 3, 1, 3, 3, 1, 3, 1, 
Total for 217: 78642
INTITAL: Springs: ?...?????.????.??...?????.????.??...?????.????.??...?????.????.??...?????.????., Other: 1, 2, 3, 1, 2, 3, 1, 2, 3, 1, 2, 3, 1, 2, 3, 
Total for 218: 3279584
INTITAL: Springs: ##??#???.???##??#???.???##??#???.???##??#???.???##??#???.??, Other: 3, 4, 3, 4, 3, 4, 3, 4, 3, 4, 
Total for 219: 81
INTITAL: Springs: ?#??#??.??#?#??#??#??.??#?#??#??#??.??#?#??#??#??.??#?#??#??#??.??#?#, Other: 3, 1, 1, 3, 3, 1, 1, 3, 3, 1, 1, 3, 3, 1, 1, 3, 3, 1, 1, 3, 
Total for 220: 32
INTITAL: Springs: ??####?.?????####?.?????####?.?????####?.?????####?.??, Other: 5, 2, 5, 2, 5, 2, 5, 2, 5, 2, 
Total for 221: 1250
INTITAL: Springs: .?#??????##??#??#???.?#??????##??#??#???.?#??????##??#??#???.?#??????##??#??#???.?#??????##??#??#??, Other: 7, 10, 7, 10, 7, 10, 7, 10, 7, 10, 
Total for 222: 1
INTITAL: Springs: .?#???????.??.?#???????.??.?#???????.??.?#???????.??.?#???????.?, Other: 5, 1, 5, 1, 5, 1, 5, 1, 5, 1, 
Total for 223: 66667
INTITAL: Springs: ??.???##????#?#?.#????.???##????#?#?.#????.???##????#?#?.#????.???##????#?#?.#????.???##????#?#?.#?, Other: 1, 5, 6, 1, 1, 5, 6, 1, 1, 5, 6, 1, 1, 5, 6, 1, 1, 5, 6, 1, 
Total for 224: 39366
INTITAL: Springs: ??????#??##?##?.????????#??##?##?.????????#??##?##?.????????#??##?##?.????????#??##?##?.?, Other: 1, 12, 1, 12, 1, 12, 1, 12, 1, 12, 
Total for 225: 7203
INTITAL: Springs: ????????????##?.?????????????##?.?????????????##?.?????????????##?.?????????????##?., Other: 1, 1, 4, 1, 1, 4, 1, 1, 4, 1, 1, 4, 1, 1, 4, 
Total for 226: 2754990144
INTITAL: Springs: ??.?#?.??##.???.?#?.??##.???.?#?.??##.???.?#?.??##.???.?#?.??##., Other: 1, 2, 3, 1, 2, 3, 1, 2, 3, 1, 2, 3, 1, 2, 3, 
Total for 227: 5184
INTITAL: Springs: ??#??????.?#????#??????.?#????#??????.?#????#??????.?#????#??????.?#?, Other: 4, 2, 1, 4, 2, 1, 4, 2, 1, 4, 2, 1, 4, 2, 1, 
Total for 228: 266649
INTITAL: Springs: .?.??#?#????.?.??#?#????.?.??#?#????.?.??#?#????.?.??#?#???, Other: 3, 1, 3, 1, 3, 1, 3, 1, 3, 1, 
Total for 229: 4339
INTITAL: Springs: ?.#?????#??##???#???.#?????#??##???#???.#?????#??##???#???.#?????#??##???#???.#?????#??##???#?, Other: 1, 5, 2, 3, 2, 1, 5, 2, 3, 2, 1, 5, 2, 3, 2, 1, 5, 2, 3, 2, 1, 5, 2, 3, 2, 
Total for 230: 162
INTITAL: Springs: .#??..?#???#????.#??..?#???#????.#??..?#???#????.#??..?#???#????.#??..?#???#???, Other: 2, 8, 2, 8, 2, 8, 2, 8, 2, 8, 
Total for 231: 32
INTITAL: Springs: #..???????????#..???????????#..???????????#..???????????#..??????????, Other: 1, 9, 1, 9, 1, 9, 1, 9, 1, 9, 
Total for 232: 32
INTITAL: Springs: ?#???..#?????#???..#?????#???..#?????#???..#?????#???..#???, Other: 3, 3, 3, 3, 3, 3, 3, 3, 3, 3, 
Total for 233: 162
INTITAL: Springs: ?#??###?#????????.?.??#??###?#????????.?.??#??###?#????????.?.??#??###?#????????.?.??#??###?#????????.?., Other: 11, 2, 11, 2, 11, 2, 11, 2, 11, 2, 
Total for 234: 160758
INTITAL: Springs: .???????.##?#?????##?.???????.##?#?????##?.???????.##?#?????##?.???????.##?#?????##?.???????.##?#?????##, Other: 2, 11, 2, 11, 2, 11, 2, 11, 2, 11, 
Total for 235: 7776
INTITAL: Springs: .????.???#?.????.???#?.????.???#?.????.???#?.????.???#, Other: 1, 1, 2, 1, 1, 2, 1, 1, 2, 1, 1, 2, 1, 1, 2, 
Total for 236: 1438932
INTITAL: Springs: ?.??.???.?.??.??.???.?.??.??.???.?.??.??.???.?.??.??.???.?., Other: 2, 1, 1, 2, 1, 1, 2, 1, 1, 2, 1, 1, 2, 1, 1, 
Total for 237: 2528256
INTITAL: Springs: ???.###??.??#????.###??.??#????.###??.??#????.###??.??#????.###??.??#, Other: 1, 3, 1, 1, 1, 3, 1, 1, 1, 3, 1, 1, 1, 3, 1, 1, 1, 3, 1, 1, 
Total for 238: 24576
INTITAL: Springs: ?.???.#??#??.??.#????.???.#??#??.??.#????.???.#??#??.??.#????.???.#??#??.??.#????.???.#??#??.??.#??, Other: 1, 3, 6, 1, 1, 1, 3, 6, 1, 1, 1, 3, 6, 1, 1, 1, 3, 6, 1, 1, 1, 3, 6, 1, 1, 
Total for 239: 7203
INTITAL: Springs: ???##???#???????.????##???#???????.????##???#???????.????##???#???????.????##???#???????., Other: 1, 11, 1, 1, 11, 1, 1, 11, 1, 1, 11, 1, 1, 11, 1, 
Total for 240: 91227
INTITAL: Springs: ??.??.?????###????.??.?????###????.??.?????###????.??.?????###????.??.?????###?, Other: 1, 2, 6, 1, 2, 6, 1, 2, 6, 1, 2, 6, 1, 2, 6, 
Total for 241: 1288450
INTITAL: Springs: ?#???#?#????????#???#?#????????#???#?#????????#???#?#????????#???#?#??????, Other: 1, 3, 3, 1, 3, 3, 1, 3, 3, 1, 3, 3, 1, 3, 3, 
Total for 242: 125970
INTITAL: Springs: ??????????#????????????#????????????#????????????#????????????#?, Other: 1, 3, 2, 1, 3, 2, 1, 3, 2, 1, 3, 2, 1, 3, 2, 
Total for 243: 93031793
INTITAL: Springs: ???#????????#??..????#????????#??..????#????????#??..????#????????#??..????#????????#??.., Other: 4, 5, 4, 5, 4, 5, 4, 5, 4, 5, 
Total for 244: 248832
INTITAL: Springs: ???????#??.??????????#??.??????????#??.??????????#??.??????????#??.??, Other: 5, 1, 5, 1, 5, 1, 5, 1, 5, 1, 
Total for 245: 1486854
INTITAL: Springs: ??.?##???#?????#????.?##???#?????#????.?##???#?????#????.?##???#?????#????.?##???#?????#?, Other: 2, 4, 1, 1, 1, 2, 4, 1, 1, 1, 2, 4, 1, 1, 1, 2, 4, 1, 1, 1, 2, 4, 1, 1, 1, 
Total for 246: 230496
INTITAL: Springs: #.?.??#?????##??#.?.??#?????##??#.?.??#?????##??#.?.??#?????##??#.?.??#?????##?, Other: 1, 3, 2, 4, 1, 3, 2, 4, 1, 3, 2, 4, 1, 3, 2, 4, 1, 3, 2, 4, 
Total for 247: 1
INTITAL: Springs: ??????#??#??#???????#??#??#???????#??#??#???????#??#??#???????#??#??#, Other: 7, 4, 7, 4, 7, 4, 7, 4, 7, 4, 
Total for 248: 32
INTITAL: Springs: ?#.?#??#????#??#?????#.?#??#????#??#?????#.?#??#????#??#?????#.?#??#????#??#?????#.?#??#????#??#???, Other: 2, 2, 2, 2, 2, 1, 2, 2, 2, 2, 2, 1, 2, 2, 2, 2, 2, 1, 2, 2, 2, 2, 2, 1, 2, 2, 2, 2, 2, 1, 
Total for 249: 679159
INTITAL: Springs: ???#??.#???.#?????#??.#???.#?????#??.#???.#?????#??.#???.#?????#??.#???.#?, Other: 6, 1, 1, 2, 6, 1, 1, 2, 6, 1, 1, 2, 6, 1, 1, 2, 6, 1, 1, 2, 
Total for 250: 32
INTITAL: Springs: .??????#?.?.??????#?.?.??????#?.?.??????#?.?.??????#?., Other: 1, 4, 1, 4, 1, 4, 1, 4, 1, 4, 
Total for 251: 15665
INTITAL: Springs: ?#?#???#?????#?#???#?????#?#???#?????#?#???#?????#?#???#???, Other: 4, 2, 4, 2, 4, 2, 4, 2, 4, 2, 
Total for 252: 1024
INTITAL: Springs: ?#????.#.??????.?.?.??#????.#.??????.?.?.??#????.#.??????.?.?.??#????.#.??????.?.?.??#????.#.??????.?.?., Other: 6, 1, 4, 1, 1, 1, 6, 1, 4, 1, 1, 1, 6, 1, 4, 1, 1, 1, 6, 1, 4, 1, 1, 1, 6, 1, 4, 1, 1, 1, 
Total for 253: 16
INTITAL: Springs: #???.??.#.?...?#???.??.#.?...?#???.??.#.?...?#???.??.#.?...?#???.??.#.?..., Other: 4, 1, 1, 1, 4, 1, 1, 1, 4, 1, 1, 1, 4, 1, 1, 1, 4, 1, 1, 1, 
Total for 254: 512
INTITAL: Springs: ?.??#??#?????###????.??#??#?????###????.??#??#?????###????.??#??#?????###????.??#??#?????###??, Other: 3, 10, 3, 10, 3, 10, 3, 10, 3, 10, 
Total for 255: 243
INTITAL: Springs: ??.?????..?.?..?????.?????..?.?..?????.?????..?.?..?????.?????..?.?..?????.?????..?.?..??, Other: 1, 5, 1, 1, 1, 1, 5, 1, 1, 1, 1, 5, 1, 1, 1, 1, 5, 1, 1, 1, 1, 5, 1, 1, 1, 
Total for 256: 16384
INTITAL: Springs: ?#?????.#???#?????.#???#?????.#???#?????.#???#?????.#?, Other: 5, 2, 5, 2, 5, 2, 5, 2, 5, 2, 
Total for 257: 32
INTITAL: Springs: ??#?.???.#??????#?.???.#??????#?.???.#??????#?.???.#??????#?.???.#???, Other: 2, 1, 2, 1, 2, 1, 2, 1, 2, 1, 
Total for 258: 32
INTITAL: Springs: ??.?.??#????##???.?.??#????##???.?.??#????##???.?.??#????##???.?.??#????##, Other: 1, 8, 1, 8, 1, 8, 1, 8, 1, 8, 
Total for 259: 4626
INTITAL: Springs: ?#???#.?##???#???#.?##???#???#.?##???#???#.?##???#???#.?##?, Other: 1, 2, 3, 1, 2, 3, 1, 2, 3, 1, 2, 3, 1, 2, 3, 
Total for 260: 32
INTITAL: Springs: ?#.??#?#??#.??#.??#?#??#.??#.??#?#??#.??#.??#?#??#.??#.??#?#??#., Other: 1, 1, 1, 1, 1, 1, 1, 1, 1, 1, 1, 1, 1, 1, 1, 1, 1, 1, 1, 1, 
Total for 261: 1
INTITAL: Springs: ?????????###?..??????????###?..??????????###?..??????????###?..??????????###?.., Other: 3, 6, 3, 6, 3, 6, 3, 6, 3, 6, 
Total for 262: 45927
INTITAL: Springs: ?.#??#?????????#??.#??#?????????#??.#??#?????????#??.#??#?????????#??.#??#?????????#, Other: 1, 3, 6, 1, 3, 6, 1, 3, 6, 1, 3, 6, 1, 3, 6, 
Total for 263: 2592
INTITAL: Springs: ?????.#.????????.#.????????.#.????????.#.????????.#.??, Other: 5, 1, 1, 5, 1, 1, 5, 1, 1, 5, 1, 1, 5, 1, 1, 
Total for 264: 162
INTITAL: Springs: #?.?#??.#???..???#?.?#??.#???..???#?.?#??.#???..???#?.?#??.#???..???#?.?#??.#???..??, Other: 1, 3, 1, 1, 1, 1, 3, 1, 1, 1, 1, 3, 1, 1, 1, 1, 3, 1, 1, 1, 1, 3, 1, 1, 1, 
Total for 265: 32768
INTITAL: Springs: ??????#?.?????????#?.?????????#?.?????????#?.?????????#?.??, Other: 1, 4, 1, 1, 4, 1, 1, 4, 1, 1, 4, 1, 1, 4, 1, 
Total for 266: 802960
INTITAL: Springs: ?.??#?.??.???.????.??#?.??.???.????.??#?.??.???.????.??#?.??.???.????.??#?.??.???.??, Other: 3, 1, 1, 1, 3, 1, 1, 1, 3, 1, 1, 1, 3, 1, 1, 1, 3, 1, 1, 1, 
Total for 267: 2626189968
INTITAL: Springs: #????##??#??.#?#?#?#????##??#??.#?#?#?#????##??#??.#?#?#?#????##??#??.#?#?#?#????##??#??.#?#?#, Other: 1, 7, 1, 1, 3, 1, 7, 1, 1, 3, 1, 7, 1, 1, 3, 1, 7, 1, 1, 3, 1, 7, 1, 1, 3, 
Total for 268: 1
INTITAL: Springs: ????#????.#?#???###?????#????.#?#???###?????#????.#?#???###?????#????.#?#???###?????#????.#?#???###, Other: 1, 2, 3, 5, 1, 2, 3, 5, 1, 2, 3, 5, 1, 2, 3, 5, 1, 2, 3, 5, 
Total for 269: 354375
INTITAL: Springs: .?##??##????##?.#.??.?##??##????##?.#.??.?##??##????##?.#.??.?##??##????##?.#.??.?##??##????##?.#.?, Other: 2, 3, 4, 1, 2, 3, 4, 1, 2, 3, 4, 1, 2, 3, 4, 1, 2, 3, 4, 1, 
Total for 270: 1024
INTITAL: Springs: ??#.??#???????#???#.??#???????#???#.??#???????#???#.??#???????#???#.??#???????#, Other: 3, 2, 3, 2, 3, 2, 3, 2, 3, 2, 3, 2, 3, 2, 3, 2, 3, 2, 3, 2, 
Total for 271: 243
INTITAL: Springs: ??????.??.?#???????.??.?#???????.??.?#???????.??.?#???????.??.?#, Other: 6, 1, 1, 6, 1, 1, 6, 1, 1, 6, 1, 1, 6, 1, 1, 
Total for 272: 32
INTITAL: Springs: ??????###???#?????????###???#?????????###???#?????????###???#?????????###???#??, Other: 1, 7, 2, 1, 7, 2, 1, 7, 2, 1, 7, 2, 1, 7, 2, 
Total for 273: 1142304
INTITAL: Springs: .?.?#???#????#.??.?.?#???#????#.??.?.?#???#????#.??.?.?#???#????#.??.?.?#???#????#.?, Other: 1, 4, 3, 1, 1, 1, 4, 3, 1, 1, 1, 4, 3, 1, 1, 1, 4, 3, 1, 1, 1, 4, 3, 1, 1, 
Total for 274: 16
INTITAL: Springs: .?#.?.?????#?????????.?#.?.?????#?????????.?#.?.?????#?????????.?#.?.?????#?????????.?#.?.?????#????????, Other: 1, 1, 11, 1, 1, 11, 1, 1, 11, 1, 1, 11, 1, 1, 11, 
Total for 275: 349209
INTITAL: Springs: ?????#???????????#???????????#???????????#???????????#?????, Other: 4, 1, 4, 1, 4, 1, 4, 1, 4, 1, 
Total for 276: 3994392
INTITAL: Springs: ????.#?#?#????.??????.#?#?#????.??????.#?#?#????.??????.#?#?#????.??????.#?#?#????.?, Other: 3, 8, 1, 3, 8, 1, 3, 8, 1, 3, 8, 1, 3, 8, 1, 
Total for 277: 162
INTITAL: Springs: ????????????#?.???????????????#?.???????????????#?.???????????????#?.???????????????#?.??, Other: 1, 3, 1, 1, 2, 1, 3, 1, 1, 2, 1, 3, 1, 1, 2, 1, 3, 1, 1, 2, 1, 3, 1, 1, 2, 
Total for 278: 137546337483
INTITAL: Springs: ???#.?##?##????#.?##?##????#.?##?##????#.?##?##????#.?##?##, Other: 1, 1, 6, 1, 1, 6, 1, 1, 6, 1, 1, 6, 1, 1, 6, 
Total for 279: 162
INTITAL: Springs: ???..?.??###??##???????..?.??###??##???????..?.??###??##???????..?.??###??##???????..?.??###??##???, Other: 2, 1, 10, 2, 1, 10, 2, 1, 10, 2, 1, 10, 2, 1, 10, 
Total for 280: 337232
INTITAL: Springs: ..????#????..????#????..????#????..????#????..????#???, Other: 6, 1, 6, 1, 6, 1, 6, 1, 6, 1, 
Total for 281: 81
INTITAL: Springs: .???.????#??.???.????#??.???.????#??.???.????#??.???.????#?, Other: 2, 2, 2, 2, 2, 2, 2, 2, 2, 2, 
Total for 282: 129367
INTITAL: Springs: ????.?#?#.?????.?#?#.?????.?#?#.?????.?#?#.?????.?#?#., Other: 1, 1, 1, 1, 1, 1, 1, 1, 1, 1, 1, 1, 1, 1, 1, 
Total for 283: 18928
INTITAL: Springs: #?##????#??.??#.?#?##????#??.??#.?#?##????#??.??#.?#?##????#??.??#.?#?##????#??.??#., Other: 1, 2, 4, 1, 1, 2, 4, 1, 1, 2, 4, 1, 1, 2, 4, 1, 1, 2, 4, 1, 
Total for 284: 243
INTITAL: Springs: ?#.????##???#.????##???#.????##???#.????##???#.????##?, Other: 1, 1, 3, 1, 1, 3, 1, 1, 3, 1, 1, 3, 1, 1, 3, 
Total for 285: 5741
INTITAL: Springs: ????.???##.?????.???##.?????.???##.?????.???##.?????.???##., Other: 2, 4, 2, 4, 2, 4, 2, 4, 2, 4, 
Total for 286: 768
INTITAL: Springs: ??#?????.????#??.????#?????.????#??.????#?????.????#??.????#?????.????#??.????#?????.????#??.?, Other: 1, 4, 1, 3, 1, 1, 1, 4, 1, 3, 1, 1, 1, 4, 1, 3, 1, 1, 1, 4, 1, 3, 1, 1, 1, 4, 1, 3, 1, 1, 
Total for 287: 297980
INTITAL: Springs: .???????????#??#?.???????????#??#?.???????????#??#?.???????????#??#?.???????????#??#, Other: 4, 1, 4, 1, 4, 1, 4, 1, 4, 1, 4, 1, 4, 1, 4, 1, 4, 1, 4, 1, 
Total for 288: 191814